134

637677777777 110, 28.
ἀδιήγητος 47,17.
(1611118612.

ἄδικος 97,19.

777777277'7107,12.

οὶδοοοιτειν 50, 5.

ἀδύνατος 39, 5. 43, 15. 20.
52,21.53,10.100,1081.

1112311. 3,41188,3. 41,18.
49,14. 2581 τὰ 677 κατὰ
77676 (vel 76 αὐτά) 115, 6.
118,27.cf.170,177q.

ἀέναος (eod. οἳέ1νοξος) 99, 28

ἀηδής 112, 29.11η61111ιτος
102, 4. 6.

667 89, 4.

666777704· 48, 12, 55, 2331.

οξθλιος 4814.

ἆθῳος 106, 23.

ἆ111ιος9,15. 47,18. 56,1.118,
21. 120,16. (12810).

οἶιὸιότης 124,9.
αἰθήρ 16, 2.

1161111136, 10.

77 οι. 7767 ποοσηκόοτωοὴμῖν
11”αΐματος 122,1.

(α1οιγμοι) 129, 20.

(οι 7777777777776667) 127, 6
αἰνίττεσθαι 112,20. 128,16.
1111113078. 1111118114, 19.
11,11.11,11.11,11111.
43, 23. 44 ,lsqq 45,7. 51, 12.
73, 24 et

8111111311. 6,15 7,15. 8,4.
24,1711 (ἡ Ποθαγορική)8, 7.

αἱρετιστὴς 119, 6

αἷρετός4, 6. 12,21. 3413sqq.
35, 6. 8. 41,7. 42 ,,2610 44,
21 sqq 45, 13sqq. etc. 777-
οετωτερος 43, 2. 44, 24. 777-

ρετώτατος 42,2. 43,22. 45,16.
7777777777774, 3. 17. 45, 21.
56, 22. 57, 6. 66, 1271.

73766777 13 6. 17,11. 35,14.

3612. 4413111. 45, 2 54,

11. INDEX VERBORUM.

2711. αἴσθησις πὸξοοι 7377-
μίς ἔστι γνωριστικὴ διὰ 761
ματος 44,157q.
77757767'707115,11.177,8.
αἰοθητικός 48, 8.
αἰσθη161115,5. 118,14.170,
13.27.124,19.
αἷσχος8, 16.
αἰσχρός 104, 22
ἰοχοοεσθοιι 53 8 (128, 32).
αἰτία3,.17 18,16. 23, 26. 39,.5
45, 2311 ηθεία αἰτία 248
7777770777 115, 28.
οι1τιος 38 7. 10 28. 46, 12, 14.
53,.2 60,10. 103, 24. 113, 25
777 11 τοῖς οὖσιν 6777oe 118,17.
111111. δθνητος 111 (11011148, 12.
ᾅκαιοος 119, 29.
ἄκοξκοήθως 117, 10.
6767777779, 13.
ἀκίνητος 56, 8.
ὅξκλινής 118, 25.
6706 44,17.
6773777777 5,19.
811111111140110, 13, 572
ἀκολούθως 119, 14.
6767776709 881.
ἀκούειν. 77 ἀκούοντες 5, 23.
17,18. 84,3. 1068.
ἀκραιφνὴς 15, 23.
111111119822.
6111611136, 12. αἷοῖκρίβειοι
ἆ1ρ1βής47, 12. 55, 13. ἄκοι-
βέστορο139, 17 οἳ11ριβὲστοιτος
17,11. 4215 559 58,8.
ἄκρ1βο1ς 58, 3,
ἄκροατικός (immo' ακροαμο-
77767) 106, 15.
ἄκρος. 1151111382. το ακρον
95, 22. ἄκρότατος22, 16. 52,

(6. 6 76 ἀκρότατον.. 6677666

ἀκτίς 54, 26.

ἀκώλυτος 58 15.
1111116111 11,1.3.

 

