II. INDEX VERBORUM 141

ν 60, 7. 61, 7. (7⁶99‘5· γονεύς 122, 2.

4) 129, 2 γοῦν 121,1116.1.

οις, (τηςνιρωτης) 18 14. γράφειν 49, 15.

7,.16 16,9. 20,.6 22,.3 γοαώδης 106, 11

2061. 46661427644644'06 γυμναστής 54, 16.

1 τῶν ἄνθοωπων 16, γυμναστικός (τὲχνη)38, 17.
6044 46, 22. γύν1ιιον 64,1.

ια 8, 5. 105, 23. γυνή 124, 24.

1ιιιός. (τέχνης) 60,8.
6.1ο,1.1ο6,66.161,66ι1666166161,11.116,1.
¹52,1.99,1.93. δαιμόνιος 16,10.

σθαι 161 γίνεσθαι (666- δαιμονίως 13, 6,

11.Excerpt Α111161)4 12 δαίμων 12,17.18. 16,2.6.
7, 7, 26. 18, 1613. 19, δα6161166107,24,26, 11914
20,1.14616 τὸ γιννό- 17 20. 120, 3. 1166.
6431661 τὰνιγνόμενα 66111616611720. 122,4,

al. ια νεγενημενα 611 δᾶν (11.6. δὴ ἄν) v. ad 933
61161638, 21. 39, 6. 417. δαπανᾶν 40, 6.

11. 44, 4. ’46, 1ο. 61. 11, 666116616666

62,7, 66, 2061. δέ. 661),,641, 67,14.

6664 40, 7. δεῖγμα 8,15. 10,18.
,1ιν.γλνιιιό6120,14.δεικνύνοῖι46μ9δειανύον886
j 120,12. δειλία 100, 7.

·α107,4. 112, 11. 113,6. δεῖνο. 11117, 12. 10, 24. 13,19.
661016. 16,6.16,11616 ἔδει6026.
’16616,7.98,16. 105, 24. 0616261136, 2. 46, 26, 60, 11161.
113, 11. 8,15. 10, 14. 12, δεινός63, 16, 112, 29. δεινο·
13, 20. 29,1661. ιάιων 114, 3,

111661011 δεῖξις 16, 2,
6666166661.66166611161161466).

1. δένδρον 47, 14.

,μσς 4, 8. 8,14. 17, 9. δεξ166114,9. (no6c)107, 10
.8. 68,14. 119, 6, ννωρι-114,6.ἡδ6ξιο“ι τῶν χειρῶν
ερος 38, 3, 41, 6 117, 26 (61 χείρ). 166111 δεξια
1μως6,23. 17,17. 108,2. 122,16.

ιομα 112,19. δεόντως 21, 13. 30, 9. 37, 6.
’.οτικός 4416. 48, 23,

ι,6169. 20, 5. 34, 24. 44, δεσμός 11, 26, 66, 20. 70, 10.
70,12.109,1861(166ν 109,28,119,16.18,29. 120,
11111, 14. 169, 29 110 22 10,12.

9al (της θειας apeme) 0661666114, 11, 27, 26. 98,3.
11161433. δέχ 6606610723. 117,.,101194.
16610212. τὸγνωσιόν δη1ονότι 33, 28, (127, 22)
11, 1916, 62, 9. δῆλος 666⁰ 61166661661116.

 

